20 20
99 00 00 00 00 00 00 00 00 00 00 00 00 00 00 00 00 00 00 00
99 00 00 00 00 00 00 00 00 00 00 00 00 00 00 00 00 00 00 00
00 00 00 00 00 00 00 00 00 00 00 00 00 00 00 00 00 00 00 00
00 00 00 00 00 00 00 00 00 00 00 00 00 00 00 00 00 00 00 00
-- -- -- -- -- -- -- -- 00 00 00 00 00 00 00 00 00 00 00 00
00 00 00 00 00 00 00 -- 00 00 00 -- -- -- 00 -- -- -- -- --
00 00 00 00 00 00 00 -- -- -- -- -- 00 -- 00 00 00 00 00 00
00 00 00 00 00 00 00 00 00 00 00 00 00 -- 00 00 00 00 00 00
00 00 00 00 00 00 00 00 00 00 00 00 00 -- 00 00 00 00 00 00
00 00 00 00 00 00 00 00 00 00 00 00 00 -- 00 00 00 00 00 00
00 00 00 00 00 00 00 00 00 00 00 00 00 -- 00 00 00 00 00 00
00 00 00 00 00 00 00 00 00 00 00 00 00 -- -- -- -- 00 00 --
00 00 00 00 00 00 00 00 00 00 00 00 00 00 00 00 00 00 00 00
00 00 00 00 00 00 00 00 00 00 00 00 00 00 00 00 00 00 00 00
00 00 00 00 00 00 00 00 00 00 00 00 00 00 00 00 00 00 00 00
00 00 00 00 00 00 00 00 00 00 00 00 00 00 00 00 00 00 00 00
00 00 00 00 00 00 00 00 00 00 00 00 00 00 00 00 00 00 00 00
00 00 00 00 00 00 00 00 00 00 00 00 00 00 00 00 00 00 00 00
00 00 00 00 00 00 00 00 00 00 00 00 00 00 00 00 00 00 00 00
00 00 00 00 00 00 00 00 00 00 00 00 00 00 00 00 00 00 00 00
00 00 00 00 00 00 00 00 00 00 00 00 00 00 00 00 00 00 00 00
00 00 00 00 00 00 00 00 00 00 00 00 00 00 00 00 00 00 00 --